9
[(0,0),(1,0),(0,1)] mult 96
[(2,0),(3,0)] sub 4
[(4,0),(5,0)] sub 4
[(6,0)] add 5
[(7,0),(8,0)] sub 8
[(1,1),(2,1)] add 3
[(3,1),(4,1)] mult 28
[(5,1),(6,1)] div 2
[(7,1),(8,1),(7.2),(8,2)] mult 810
[(0,2),(0,3),(0,4)] add 18
[(1,2),(2,2),(2,3)] mult 96
[(3,2),(4,2)] sub 5
[(5,2),(6,2)] sub 8
[(1,3),(1,4)] add 13
[(3,3)] add 4
[(4,3),(5,3),(6,3)] add 19
[(7,3),(8,3),(7,4)] mult 28
[(2,4),(3,4),(2,5)] add 20
[(0,5),(1,5)] mult 12
[(4,4),(4,5)] add 3
[(5,4),(5,5)] add 17
[(6,4),(6,5))] add 8
[(7,5)] add 6
[(8,4)] add 3
[(0,6),(1,6)] div 3
[(2,6),(2,7)] mult 24
[(3,5)(3,6),(4,6)] mult 25
[(5,6),(5,7)] sub 1
[(6,6),(6,7)] sub 2
[(8,5),(7,6),(8,6)] add 17
[(0,7),(1,7)] add 3
[(0,8)] add 9
[(1,8),(2,8)] add 8
[(3,7),(3,8)] sub 1
[(4,7)(4,8)] div 2
[(5,8),(6,8)] add 8
[(7,7),(7,8)] div 4
[(8,7),(8,8)] add 9